[
    [
        [
            [0.         1.         0.99343216 ... 0.30398852 0.73711145
    0.9012155 ]
   [0.         1.         0.11948453 ... 3.9703398  1.0867313
    5.27332   ]
   [0.         1.         0.11920079 ... 3.969474   5.0686517
    5.2616086 ]
   ...
   [0.         1.         0.08445027 ... 0.558007   0.82578605
    0.6260114 ]
   [0.         1.         0.0843228  ... 0.8469078  0.8755868
    0.8912111 ]
   [0.         1.         0.0842976  ... 0.3154782  0.8830772
    0.3669899 ]
          ]
      ]
    ]

